0.000543212
0.000530473
0.101605
0.100129
0.204298
0.200338
0.307018
0.300553
0.409735
0.400767
0.512452
0.500982
0.615168
0.601198
0.717885
0.701414
0.820597
0.801631
0.923126
0.901851
1.01204
0.999403
0.101069
-0.100611
0.203155
-0.00343755
0.308575
0.0967207
0.414089
0.196933
0.519615
0.297156
0.625145
0.39738
0.730675
0.497602
0.836206
0.597823
0.941729
0.698048
1.04673
0.798334
1.12436
0.896164
0.20046
-0.202628
0.301902
-0.107442
0.407312
-0.00731176
0.512837
0.092889
0.618367
0.193104
0.723891
0.293319
0.829413
0.393534
0.934933
0.493749
1.04044
0.593966
1.14538
0.694293
1.22378
0.793933
0.299837
-0.30465
0.400614
-0.211476
0.505969
-0.111389
0.611465
-0.0112015
0.71698
0.0890134
0.822494
0.189228
0.928009
0.28944
1.03352
0.389652
1.13903
0.489868
1.24402
0.590247
1.32312
0.691701
0.399216
-0.40667
0.499351
-0.315494
0.604688
-0.215435
0.710191
-0.115248
0.815711
-0.0150319
0.921227
0.0851839
1.02674
0.185398
1.13226
0.285611
1.23776
0.385829
1.34278
0.486245
1.4225
0.589491
0.498595
-0.50869
0.598086
-0.419516
0.703392
-0.319496
0.808893
-0.219313
0.914412
-0.119097
1.01993
-0.0188813
1.12544
0.0813326
1.23096
0.181545
1.33647
0.281764
1.44151
0.382221
1.52187
0.487274
0.597975
-0.61071
0.696822
-0.523538
0.802099
-0.423554
0.907599
-0.323375
1.01312
-0.223159
1.11864
-0.122943
1.22415
-0.022729
1.32967
0.0774837
1.43517
0.177703
1.54025
0.2782
1.62125
0.385057
0.697354
-0.712729
0.795558
-0.62756
0.900804
-0.527612
1.0063
-0.427437
1.11182
-0.327221
1.21734
-0.227004
1.32285
-0.12679
1.42837
-0.0265775
1.53388
0.0736431
1.63898
0.17418
1.72062
0.282841
0.796733
-0.81475
0.894293
-0.731585
0.999504
-0.631684
1.105
-0.531516
1.21052
-0.431298
1.31604
-0.331082
1.42155
-0.230869
1.52707
-0.130658
1.63257
-0.030437
1.7377
0.0701424
1.81999
0.180619
0.896159
-0.916781
0.993146
-0.835765
1.09839
-0.735881
1.20391
-0.635696
1.30946
-0.535473
1.41499
-0.435254
1.52052
-0.335037
1.62606
-0.23482
1.73158
-0.134597
1.83676
-0.0339988
1.91945
0.0784021
0.998154
-1.01027
1.09674
-0.921613
1.19934
-0.821815
1.30204
-0.721918
1.40474
-0.622004
1.50745
-0.522089
1.61016
-0.422174
1.71287
-0.322261
1.81558
-0.222344
1.91819
-0.122271
2.00961
-0.0133691
0.101067
-0.100695
0.20315
-0.00372897
0.308567
0.0962782
0.414078
0.19634
0.519602
0.296412
0.625129
0.396485
0.730657
0.496556
0.836185
0.596625
0.941705
0.696699
1.0467
0.79685
1.12436
0.89549
0.202041
-0.20539
0.306068
-0.116452
0.415415
-0.0183884
0.525662
0.0810725
0.636507
0.18068
0.747541
0.280132
0.858558
0.379466
0.969584
0.478717
1.0808
0.577915
1.19109
0.677597
1.24792
0.783353
0.300797
-0.309842
0.405457
-0.224478
0.516594
-0.126712
0.629055
-0.0265115
0.740908
0.072892
0.852524
0.172179
0.964129
0.271578
1.07569
0.371075
1.18692
0.470478
1.29641
0.569445
1.35048
0.679393
0.399496
-0.414283
0.502788
-0.333709
0.611828
-0.237521
0.722995
-0.137505
0.834247
-0.0380569
0.945502
0.0611355
1.05676
0.160348
1.16803
0.259606
1.27929
0.358733
1.38948
0.457905
1.44734
0.573742
0.498183
-0.518722
0.60037
-0.44253
0.709304
-0.346492
0.820556
-0.246227
0.931832
-0.146714
1.04309
-0.0474939
1.15435
0.0517617
1.26561
0.151067
1.37684
0.250213
1.48702
0.349396
1.54611
0.469104
0.596873
-0.623159
0.697905
-0.551394
0.806512
-0.455875
0.917701
-0.355472
1.02896
-0.255911
1.14021
-0.156697
1.25147
-0.057454
1.36272
0.0418424
1.47396
0.140976
1.58425
0.24023
1.64476
0.364257
0.695563
-0.727595
0.795475
-0.660234
0.90387
-0.565194
1.01509
-0.464656
1.12636
-0.365065
1.23762
-0.265862
1.34887
-0.166627
1.46013
-0.0673313
1.57136
0.0317945
1.6817
0.131108
1.74352
0.259406
0.794253
-0.832031
0.893041
-0.769065
1.00123
-0.674504
1.11247
-0.57385
1.22375
-0.474233
1.33502
-0.375039
1.44628
-0.275811
1.55753
-0.176518
1.66877
-0.0773983
1.77916
0.0219789
1.84228
0.154554
0.892944
-0.936466
0.990604
-0.877901
1.09873
-0.783992
1.21012
-0.683189
1.32151
-0.583537
1.4328
-0.484379
1.54407
-0.385181
1.65533
-0.285903
1.76656
-0.186801
1.877
-0.0873719
1.94123
0.0496
0.991789
-1.04077
1.08843
-0.986495
1.19794
-0.891285
1.31006
-0.79008
1.4216
-0.690513
1.53294
-0.591323
1.64429
-0.491997
1.75565
-0.392571
1.8669
-0.293369
1.97737
-0.194029
2.04129
-0.0540718
1.09607
-1.12424
1.19376
-1.05193
1.29679
-0.955513
1.40133
-0.855905
1.5065
-0.756391
1.61189
-0.65711
1.71728
-0.557877
1.82269
-0.458635
1.92818
-0.359439
2.03356
-0.25994
2.11808
-0.133503
0.200457
-0.202775
0.301894
-0.107878
0.407299
-0.00790339
0.512822
0.0921415
0.618349
0.192199
0.723869
0.292255
0.829387
0.392311
0.934904
0.492368
1.0404
0.592426
1.14535
0.692617
1.22377
0.793179
0.300795
-0.309845
0.405451
-0.224484
0.516662
-0.126689
0.629171
-0.0264892
0.741046
0.0728996
0.852669
0.172174
0.964279
0.271568
1.07584
0.371063
1.18706
0.47046
1.29654
0.569419
1.35054
0.67937
0.399604
-0.414297
0.509422
-0.330891
0.95577
-0.0329249
1.25236
0.0448285
1.43014
0.10729
1.57871
0.199384
1.73696
0.312729
1.8984
0.441473
2.02102
0.583728
2.03493
0.699556
1.97427
0.598963
0.498329
-0.518743
0.608555
-0.439715
1.06539
-0.175115
1.364
-0.121788
1.53458
-0.0774382
1.67476
0.00323128
1.82792
0.108008
1.98771
0.230404
2.11032
0.370728
2.12993
0.486776
2.0783
0.418618
0.597025
-0.623183
0.707122
-0.548174
1.21612
-0.251541
1.53912
-0.20928
1.71097
-0.176196
1.84737
-0.0990466
1.99921
0.00634885
2.15916
0.130762
2.27929
0.273519
2.28957
0.389895
2.22811
0.302163
0.69572
-0.727621
0.805695
-0.656563
1.35343
-0.33595
1.69505
-0.300641
1.8677
-0.275693
2.00054
-0.201289
2.15039
-0.0957366
2.30982
0.0297155
2.42854
0.17385
2.4347
0.289578
2.36911
0.194251
0.794415
-0.832057
0.904298
-0.764902
1.49623
-0.415488
1.85977
-0.386159
2.03476
-0.369277
2.16485
-0.297413
2.31321
-0.191248
2.4722
-0.0643194
2.58898
0.0811997
2.58949
0.195882
2.51823
0.0892249
0.89311
-0.936493
1.00288
-0.87323
1.63739
-0.493074
2.02191
-0.469169
2.19936
-0.459458
2.32709
-0.389741
2.47413
-0.282979
2.63275
-0.15469
2.74785
-0.00783037
2.74333
0.105863
2.66682
-0.011705
0.991797
-1.04093
1.10139
-0.981452
1.77289
-0.575102
2.17773
-0.55117
2.35821
-0.547137
2.48375
-0.479685
2.6294
-0.372557
2.78766
-0.243146
2.90138
-0.0953373
2.8927
0.0171618
2.8123
-0.109145
1.0906
-1.14527
1.19837
-1.09064
1.89095
-0.620746
2.29307
-0.604514
2.46368
-0.602693
2.58458
-0.53124
2.72931
-0.41997
2.8877
-0.287614
3.00187
-0.137241
2.99146
-0.0230772
2.90577
-0.160997
1.1955
-1.22662
1.29726
-1.15497
1.69024
-0.953828
1.93728
-0.939031
2.06007
-0.913593
2.15975
-0.839241
2.27924
-0.740989
2.41122
-0.626576
2.51314
-0.488312
2.5196
-0.366889
2.45718
-0.438175
0.299833
-0.304859
0.4006
-0.212057
0.505946
-0.112131
0.611435
-0.0121054
0.716944
0.0879481
0.822454
0.188002
0.927964
0.288055
1.03347
0.388106
1.13898
0.488164
1.24397
0.588413
1.3231
0.690878
0.39949
-0.41429
0.502678
-0.333827
0.611666
-0.238016
0.72273
-0.138306
0.833928
-0.038992
0.945156
0.0601273
1.0564
0.159263
1.16766
0.25845
1.27892
0.357576
1.38916
0.4569
1.4472
0.573336
0.498324
-0.518748
0.60828
-0.439869
1.04891
-0.182082
1.33739
-0.130356
1.50364
-0.0850796
1.64196
-0.00381459
1.79355
0.10025
1.95236
0.22127
2.0764
0.361278
2.10046
0.480028
2.05229
0.417849
0.597055
-0.623198
0.706393
-0.549174
1.06352
-0.336762
1.3045
-0.283676
1.44877
-0.232636
1.57171
-0.151681
1.70762
-0.0528743
1.85361
0.0597067
1.97843
0.18975
2.03231
0.307354
2.01753
0.302591
0.695752
-0.727637
0.804833
-0.657406
1.21143
-0.398951
1.47828
-0.343304
1.62884
-0.294582
1.7527
-0.21191
1.88969
-0.108976
2.03634
0.0076676
2.15862
0.139987
2.20264
0.255313
2.17727
0.227091
0.794452
-0.832074
0.903373
-0.765829
1.33369
-0.491395
1.61324
-0.438351
1.7658
-0.393795
1.88844
-0.312635
2.02459
-0.209589
2.17109
-0.0923539
2.29303
0.0405335
2.33588
0.155181
2.30958
0.125235
0.893152
-0.936511
1.00192
-0.874275
1.4635
-0.581234
1.75891
-0.533512
1.91342
-0.495507
2.03434
-0.416624
2.16967
-0.313301
2.31605
-0.195003
2.43665
-0.0610673
2.47542
0.0529541
2.44539
0.0162161
0.991853
-1.04095
1.10049
-0.982767
1.59229
-0.671992
1.90206
-0.632002
2.05772
-0.600945
2.17663
-0.524335
2.3109
-0.420935
2.45704
-0.301734
2.5765
-0.166609
2.6117
-0.0528063
2.5783
-0.0955033
1.09055
-1.14539
1.19937
-1.09106
1.72845
-0.773339
2.06188
-0.736773
2.22351
-0.713655
2.34124
-0.641568
2.47456
-0.53903
2.62062
-0.419206
2.73845
-0.283488
2.76915
-0.171218
2.73229
-0.21866
1.18937
-1.24971
1.29672
-1.19964
1.90658
-0.792837
2.26559
-0.766449
2.42593
-0.750671
2.54375
-0.674635
2.68143
-0.566479
2.83211
-0.442246
2.95109
-0.30281
2.97506
-0.191311
2.92911
-0.263336
1.29489
-1.329
1.3953
-1.26015
1.5746
-1.09867
1.72013
-1.02398
1.82453
-0.948597
1.92233
-0.857379
2.03042
-0.758763
2.14773
-0.651377
2.25295
-0.526261
2.30132
-0.406489
2.28928
-0.401636
0.399211
-0.406939
0.499336
-0.316212
0.604665
-0.216309
0.710163
-0.116279
0.815678
-0.0162223
0.92119
0.0838342
1.0267
0.183889
1.13221
0.283944
1.23772
0.384004
1.34274
0.484286
1.42248
0.588611
0.498177
-0.518729
0.600295
-0.442616
0.709323
-0.34689
0.820596
-0.246876
0.931881
-0.147472
1.04314
-0.0483073
1.1544
0.0508909
1.26566
0.150139
1.37688
0.249278
1.48706
0.348565
1.54613
0.468762
0.597019
-0.623187
0.706891
-0.548255
1.20551
-0.253055
1.52224
-0.209778
1.69174
-0.17483
1.82736
-0.0965419
1.97833
0.008827
2.13753
0.132441
2.25839
0.274628
2.27137
0.392018
2.212
0.307077
0.695753
-0.727635
0.804972
-0.657316
1.2239
-0.394644
1.49828
-0.338689
1.65185
-0.291156
1.7768
-0.209152
1.91459
-0.105863
2.06149
0.0115925
2.18229
0.144079
2.2228
0.257723
2.19484
0.225418
0.794453
-0.832071
0.90369
-0.765453
1.39776
-0.460082
1.71143
-0.412977
1.87496
-0.377088
2.00219
-0.298317
2.14329
-0.193046
2.29302
-0.0717179
2.4102
0.0646988
2.43465
0.177072
2.39066
0.116892
0.893153
-0.936509
1.00224
-0.873961
1.51946
-0.55678
1.84412
-0.516724
2.00718
-0.48791
2.13112
-0.412298
2.27023
-0.30796
2.41945
-0.186579
2.53629
-0.0493859
2.55983
0.0632252
2.51514
0.00217293
0.991852
-1.04095
1.10076
-0.982374
1.6524
-0.642133
1.99397
-0.606707
2.15843
-0.584358
2.27992
-0.51074
2.41784
-0.405832
2.5668
-0.283213
2.68215
-0.144853
2.70111
-0.0330062
2.65201
-0.102452
1.09055
-1.14539
1.19923
-1.09084
1.78017
-0.726544
2.13461
-0.696405
2.29902
-0.679404
2.41795
-0.606903
2.55456
-0.501331
2.7032
-0.377618
2.81762
-0.23803
2.83338
-0.126399
2.78095
-0.202827
1.18925
-1.24982
1.29802
-1.19931
1.90286
-0.829956
2.27359
-0.802576
2.44061
-0.792806
2.55624
-0.72474
2.6903
-0.619957
2.83788
-0.495521
2.95061
-0.355362
2.963
-0.244716
2.90824
-0.323393
1.28808
-1.35414
1.39566
-1.30794
2.10529
-0.865749
2.51121
-0.86655
2.67717
-0.874077
2.79247
-0.805514
2.93201
-0.696681
3.08579
-0.568962
3.20005
-0.425165
3.20391
-0.315338
3.13759
-0.421313
1.39427
-1.43138
1.49437
-1.36459
1.7257
-1.15664
1.90007
-1.0799
2.01357
-1.00926
2.11439
-0.919191
2.2254
-0.818542
2.34477
-0.707136
2.44634
-0.577082
2.48004
-0.456944
2.45205
-0.478272
0.498589
-0.509019
0.598067
-0.420374
0.703364
-0.320511
0.808858
-0.220487
0.914372
-0.12043
1.01988
-0.0203741
1.1254
0.0796806
1.23091
0.179734
1.33641
0.279795
1.44146
0.38012
1.52185
0.486332
0.596866
-0.623166
0.697808
-0.551504
0.806459
-0.456393
0.917623
-0.356307
1.02887
-0.256872
1.14011
-0.157715
1.25136
-0.0585336
1.36262
0.0407022
1.47386
0.139837
1.58416
0.23923
1.64473
0.363848
0.695713
-0.727624
0.805424
-0.656672
1.33915
-0.339467
1.67235
-0.303698
1.84194
-0.276781
1.97388
-0.201182
2.12285
-0.0958168
2.28164
0.028632
2.40159
0.172241
2.41145
0.289585
2.34868
0.198449
0.794452
-0.832073
0.903473
-0.765783
1.3413
-0.490009
1.62526
-0.4377
1.77933
-0.394483
1.90235
-0.314092
2.0389
-0.210994
2.18565
-0.0932303
2.3068
0.0399839
2.34758
0.153913
2.31975
0.121852
0.893152
-0.936509
1.00218
-0.874006
1.51276
-0.558918
1.83347
-0.518805
1.99506
-0.48922
2.11855
-0.413201
2.25741
-0.309002
2.40671
-0.187973
2.52453
-0.0508264
2.55
0.0625902
2.50669
0.00359892
0.991852
-1.04095
1.10066
-0.982542
1.62803
-0.654495
1.95634
-0.618213
2.11649
-0.593046
2.23635
-0.518648
2.37272
-0.414616
2.52106
-0.293345
2.63886
-0.155787
2.66478
-0.0425276
2.62193
-0.101409
1.09055
-1.14538
1.19921
-1.09092
1.7631
-0.739146
2.11024
-0.706723
2.2733
-0.687587
2.39169
-0.61497
2.52737
-0.510198
2.67562
-0.387589
2.79179
-0.248951
2.81275
-0.136772
2.7652
-0.204557
1.18925
-1.24982
1.29772
-1.19933
1.89487
-0.823458
2.25767
-0.796427
2.42244
-0.782741
2.5394
-0.711385
2.67443
-0.606127
2.82264
-0.482564
2.93784
-0.342784
2.95526
-0.231025
2.90402
-0.306498
1.28795
-1.35426
1.39646
-1.30779
2.01329
-0.922724
2.39069
-0.894123
2.55797
-0.885572
2.6716
-0.817918
2.80383
-0.712989
2.9507
-0.588316
3.06413
-0.447857
3.07852
-0.337084
3.02542
-0.414246
1.38679
-1.45858
1.4941
-1.41658
2.22059
-0.966209
2.63271
-0.975068
2.79612
-0.98824
2.90769
-0.921196
3.04511
-0.812622
3.19827
-0.685119
3.31286
-0.541231
3.31755
-0.431383
3.25212
-0.536315
1.49365
-1.53376
1.59341
-1.46924
1.81646
-1.25304
1.98958
-1.16849
2.10491
-1.09389
2.20682
-1.00299
2.3175
-0.902624
2.43656
-0.791639
2.53954
-0.662048
2.57689
-0.542095
2.55201
-0.560926
0.597967
-0.611099
0.696801
-0.524534
0.802068
-0.424707
0.907561
-0.324687
1.01308
-0.22463
1.11859
-0.124573
1.2241
-0.0245185
1.32961
0.0755354
1.43511
0.175597
1.54019
0.275962
1.62123
0.384055
0.695555
-0.727602
0.795377
-0.660349
0.90384
-0.565744
1.01505
-0.465541
1.12631
-0.36608
1.23757
-0.266931
1.34882
-0.167753
1.46007
-0.0685159
1.5713
0.0306117
1.68165
0.130062
1.7435
0.258974
0.794408
-0.832061
0.904013
-0.765013
1.48208
-0.418791
1.83736
-0.388868
2.00945
-0.36998
2.13881
-0.29689
2.28641
-0.190885
2.44478
-0.0649708
2.56269
0.0799367
2.56671
0.196056
2.49817
0.0933807
0.893153
-0.93651
1.00204
-0.874209
1.47353
-0.578533
1.77474
-0.531097
1.93119
-0.494482
2.05254
-0.416379
2.18825
-0.312891
2.33475
-0.193965
2.45417
-0.0597815
2.49019
0.0531093
2.45813
0.0134123
0.991852
-1.04095
1.10072
-0.982395
1.64862
-0.643083
1.98809
-0.607284
2.15186
-0.584312
2.27322
-0.510342
2.41103
-0.405453
2.56
-0.283053
2.67586
-0.144798
2.6959
-0.0325762
2.64759
-0.100888
1.09055
-1.14538
1.19923
-1.0909
1.76593
-0.738363
2.11471
-0.706029
2.27829
-0.687356
2.3968
-0.614959
2.53256
-0.510136
2.68073
-0.387408
2.79644
-0.248791
2.81656
-0.136971
2.76843
-0.205583
1.18925
-1.24982
1.29779
-1.19931
1.90011
-0.824208
2.26683
-0.796913
2.43248
-0.785198
2.54895
-0.715112
2.68378
-0.609771
2.83177
-0.485712
2.94576
-0.345836
2.96081
-0.234787
2.908
-0.311873
1.28795
-1.35426
1.3963
-1.30774
2.03138
-0.909947
2.41309
-0.889244
2.57985
-0.883618
2.69449
-0.815081
2.82846
-0.709421
2.97637
-0.584496
3.08942
-0.443455
3.10096
-0.332708
3.0445
-0.417209
1.38665
-1.4587
1.49505
-1.41616
2.15065
-1.0072
2.54829
-0.982905
2.71866
-0.981604
2.83054
-0.916581
2.96194
-0.811116
3.10867
-0.684949
3.22016
-0.543221
3.22893
-0.433605
3.17067
-0.520185
1.48551
-1.56301
1.5926
-1.52503
2.35791
-1.05036
2.78783
-1.06616
2.95176
-1.08719
3.06039
-1.02218
3.19676
-0.912675
3.34981
-0.783638
3.46243
-0.638347
3.4614
-0.529281
3.39073
-0.643316
1.59304
-1.63614
1.6925
-1.57388
1.93122
-1.34808
2.11383
-1.26523
2.2316
-1.19415
2.33356
-1.1048
2.44442
-1.00435
2.56371
-0.892574
2.6656
-0.762058
2.69925
-0.642679
2.67077
-0.667931
0.697345
-0.71318
0.795533
-0.628695
0.900768
-0.528904
1.00626
-0.428887
1.11177
-0.328831
1.21728
-0.228774
1.3228
-0.128719
1.42831
-0.0286651
1.53381
0.0713973
1.63892
0.171804
1.7206
0.281778
0.794244
-0.832039
0.892933
-0.769191
1.00118
-0.67511
1.11239
-0.574833
1.22367
-0.475355
1.33492
-0.376211
1.44618
-0.277039
1.55744
-0.177804
1.66867
-0.0786771
1.77908
0.0208501
1.84225
0.154087
0.893103
-0.936497
1.00258
-0.873355
1.62177
-0.496653
1.99724
-0.472397
2.1717
-0.460487
2.29888
-0.389416
2.44525
-0.282826
2.6033
-0.155581
2.7197
-0.00928061
2.71903
0.106084
2.64545
-0.0072805
0.991854
-1.04095
1.10061
-0.982712
1.60147
-0.669101
1.91639
-0.629665
2.07376
-0.599848
2.19303
-0.523941
2.3276
-0.420436
2.47385
-0.300676
2.59227
-0.165293
2.62497
-0.0524714
2.58969
-0.0981086
1.09055
-1.14539
1.19919
-1.09087
1.7753
-0.727449
2.12689
-0.697209
2.29049
-0.679311
2.40933
-0.60632
2.54576
-0.50082
2.69434
-0.377359
2.80937
-0.237775
2.82649
-0.125493
2.775
-0.200597
1.18925
-1.24982
1.29773
-1.19932
1.89623
-0.822772
2.25964
-0.796071
2.4247
-0.782422
2.5418
-0.71106
2.67685
-0.60582
2.82498
-0.482232
2.93998
-0.342419
2.95705
-0.230734
2.90553
-0.306704
1.28795
-1.35426
1.3963
-1.30775
2.03008
-0.910376
2.41096
-0.890131
2.57765
-0.884137
2.69243
-0.815425
2.82637
-0.709914
2.97422
-0.58516
3.08745
-0.444129
3.09942
-0.333133
3.04322
-0.417343
1.38665
-1.4587
1.49482
-1.41621
2.16052
-0.997694
2.55563
-0.985291
2.72295
-0.985845
2.83561
-0.918791
2.9685
-0.813028
3.11611
-0.687471
3.22827
-0.545302
3.23661
-0.434627
3.17673
-0.526057
1.48535
-1.56314
1.5936
-1.52459
2.28251
-1.09468
2.69584
-1.07816
2.86818
-1.08295
2.97874
-1.01954
3.10936
-0.914053
3.25594
-0.787307
3.36662
-0.644521
3.3722
-0.535122
3.3104
-0.629287
1.58422
-1.66744
1.69102
-1.63349
2.48773
-1.13232
2.93022
-1.1546
3.09387
-1.18033
3.20043
-1.11566
3.33593
-1.00551
3.48881
-0.875676
3.60058
-0.729217
3.5964
-0.620069
3.52233
-0.741311
1.69242
-1.73853
1.79158
-1.67858
2.03991
-1.44739
2.22652
-1.37072
2.34451
-1.30259
2.44616
-1.21395
2.55685
-1.11386
2.6762
-1.0021
2.77794
-0.870966
2.81002
-0.751462
2.77948
-0.781437
0.796724
-0.815261
0.894267
-0.73286
0.999464
-0.633119
1.10495
-0.533109
1.21046
-0.433052
1.31598
-0.332996
1.42149
-0.232942
1.527
-0.132889
1.63251
-0.0328272
1.73764
0.0676226
1.81997
0.179494
0.892934
-0.936473
0.990506
-0.878036
1.09877
-0.78472
1.21021
-0.684329
1.32163
-0.584833
1.43293
-0.485737
1.5442
-0.3866
1.65546
-0.28738
1.76669
-0.188272
1.87713
-0.0886917
1.94131
0.0490501
0.991785
-1.04094
1.10104
-0.981533
1.7576
-0.579718
2.1542
-0.554187
2.33219
-0.547732
2.45735
-0.478946
2.6025
-0.371934
2.76034
-0.243501
2.87541
-0.0962686
2.87056
0.0177205
2.7932
-0.103714
1.09055
-1.14538
1.1995
-1.09098
1.73964
-0.773467
2.08007
-0.737139
2.24388
-0.716165
2.36183
-0.645514
2.49562
-0.54305
2.64217
-0.422698
2.75912
-0.286921
2.7872
-0.176103
2.74845
-0.225874
1.18925
-1.24982
1.29802
-1.19932
1.90009
-0.833234
2.27021
-0.804957
2.43696
-0.795361
2.5521
-0.727763
2.68591
-0.623143
2.83357
-0.498775
2.94663
-0.358738
2.95971
-0.247976
2.90568
-0.325033
1.28794
-1.35426
1.39649
-1.30775
2.01626
-0.922544
2.39626
-0.892209
2.56418
-0.88433
2.67739
-0.817423
2.80949
-0.712337
2.95646
-0.587184
3.06954
-0.446645
3.08308
-0.336473
3.02953
-0.413983
1.38664
-1.4587
1.49507
-1.41612
2.15207
-1.00751
2.55163
-0.981274
2.72258
-0.980301
2.83409
-0.915938
2.96536
-0.810402
3.11226
-0.683866
3.22375
-0.542088
3.2323
-0.432853
3.174
-0.519195
1.48534
-1.56314
1.59363
-1.52454
2.28583
-1.0951
2.70225
-1.07655
2.87525
-1.08242
2.98525
-1.02004
3.11579
-0.914372
3.26268
-0.787074
3.37321
-0.644216
3.37807
-0.535462
3.31594
-0.629658
1.58404
-1.66758
1.69237
-1.63286
2.40803
-1.19053
2.84297
-1.16586
3.02101
-1.17556
3.12892
-1.11685
3.25731
-1.01142
3.40326
-0.882855
3.51229
-0.739423
3.51445
-0.631835
3.45061
-0.728421
1.68292
-1.77187
1.78967
-1.74189
2.60587
-1.22495
3.06414
-1.23913
3.23061
-1.2693
3.33358
-1.20865
3.4664
-1.09821
3.61829
-0.966373
3.72818
-0.819094
3.7203
-0.711996
3.64406
-0.834593
1.7918
-1.84091
1.8909
-1.78324
2.1496
-1.55974
2.35075
-1.47845
2.47438
-1.41527
2.57441
-1.33176
2.68323
-1.23237
2.80203
-1.11936
2.90262
-0.987783
2.93242
-0.869959
2.90062
-0.901391
0.896148
-0.91735
0.993118
-0.837167
1.09835
-0.737438
1.20387
-0.637409
1.30941
-0.537346
1.41494
-0.437286
1.52047
-0.337226
1.626
-0.237167
1.73152
-0.137101
1.83671
-0.0366331
1.91944
0.0772243
0.991767
-1.04078
1.08825
-0.986544
1.19837
-0.891533
1.31071
-0.790722
1.42231
-0.691347
1.53368
-0.592194
1.64507
-0.492885
1.75646
-0.393475
1.86774
-0.294224
1.97818
-0.194731
2.0417
-0.0543612
1.09056
-1.14528
1.19727
-1.09084
1.86449
-0.611585
2.24906
-0.5927
2.41292
-0.585462
2.53252
-0.510005
2.67628
-0.397556
2.83369
-0.26574
2.9495
-0.115492
2.94425
0.00142581
2.86209
-0.133883
1.18933
-1.24972
1.29586
-1.19965
1.91081
-0.777902
2.26668
-0.75455
2.42351
-0.73905
2.54109
-0.66099
2.67996
-0.551359
2.83188
-0.426344
2.95184
-0.286011
2.97558
-0.174218
2.92819
-0.251529
1.28804
-1.35415
1.39465
-1.30808
2.09957
-0.859831
2.496
-0.867216
2.65595
-0.874937
2.77056
-0.803912
2.91118
-0.694287
3.06626
-0.567141
3.18266
-0.423182
3.18889
-0.311922
3.12319
-0.419126
1.38675
-1.45858
1.49306
-1.41674
2.21773
-0.961174
2.6211
-0.978933
2.77808
-0.993549
2.8887
-0.924274
3.02732
-0.814817
3.18183
-0.687738
3.29802
-0.543551
3.30386
-0.432446
3.23817
-0.539689
1.48546
-1.56301
1.59148
-1.52522
2.35159
-1.04555
2.77042
-1.0703
2.92707
-1.09202
3.03471
-1.02423
3.1723
-0.913827
3.32676
-0.785422
3.44138
-0.639919
3.44231
-0.529306
3.37193
-0.644933
1.58417
-1.66744
1.68983
-1.63368
2.4819
-1.12633
2.91328
-1.15716
3.06931
-1.18376
3.17477
-1.11622
3.31167
-1.0049
3.46612
-0.875544
3.57989
-0.728865
3.57751
-0.61835
3.5036
-0.741496
1.68288
-1.77188
1.78839
-1.74214
2.59515
-1.21792
3.03825
-1.24263
3.19639
-1.27199
3.29911
-1.20707
3.4335
-1.09565
3.58661
-0.964986
3.69873
-0.817651
3.69371
-0.708384
3.61829
-0.832506
1.7818
-1.8761
1.88595
-1.85121
2.79582
-1.26605
3.26478
-1.33949
3.41366
-1.39185
3.51236
-1.32621
3.65106
-1.21104
3.80975
-1.07824
3.92264
-0.927139
3.90717
-0.818079
3.81815
-0.972382
1.89124
-1.94328
1.98929
-1.88812
2.37045
-1.60553
2.60449
-1.57562
2.72148
-1.53433
2.82133
-1.4474
2.93817
-1.34429
3.06545
-1.23057
3.16999
-1.09596
3.19355
-0.97512
3.15071
-1.03557
0.998146
-1.01089
1.09672
-0.92316
1.1993
-0.823523
1.30199
-0.723785
1.4047
-0.62403
1.5074
-0.524273
1.61011
-0.424518
1.71281
-0.324763
1.81552
-0.225004
1.91814
-0.125064
2.00959
-0.0146065
1.09605
-1.12493
1.19334
-1.05389
1.29617
-0.958204
1.40041
-0.859248
1.50549
-0.759966
1.61083
-0.660852
1.71618
-0.56183
1.82153
-0.462818
1.92699
-0.363781
2.03241
-0.264214
2.11754
-0.135342
1.19546
-1.22737
1.29581
-1.15727
1.56095
-1.02315
1.74706
-0.995707
1.85315
-0.955303
1.94667
-0.877377
2.05726
-0.783098
2.17925
-0.675864
2.27847
-0.544373
2.29689
-0.420581
2.24928
-0.457899
1.29485
-1.32982
1.39353
-1.26264
1.43163
-1.1619
1.51169
-1.06833
1.60058
-0.973269
1.69332
-0.876751
1.79226
-0.781062
1.89856
-0.679581
1.99996
-0.559956
2.0599
-0.436132
2.06279
-0.397009
1.39423
-1.43226
1.49241
-1.3672
1.56379
-1.21449
1.66533
-1.10822
1.76388
-1.01143
1.86136
-0.913842
1.96339
-0.815864
2.07137
-0.710819
2.17041
-0.58708
2.21946
-0.462996
2.20923
-0.447938
1.49361
-1.5347
1.59136
-1.47199
1.65284
-1.31203
1.75421
-1.19602
1.85659
-1.09449
1.95651
-0.996192
2.05882
-0.898548
2.16663
-0.793715
2.26681
-0.67026
2.31894
-0.546466
2.31147
-0.528987
1.59299
-1.63714
1.69036
-1.5768
1.75853
-1.41066
1.86608
-1.29441
1.97123
-1.19477
2.07199
-1.09778
2.17475
-1.00039
2.28289
-0.895154
2.38251
-0.771087
2.43217
-0.647697
2.4221
-0.635117
1.69237
-1.73959
1.78934
-1.68166
1.86089
-1.51394
1.9704
-1.40257
2.07578
-1.30551
2.17655
-1.20932
2.27945
-1.11232
2.38786
-1.00713
2.48743
-0.88253
2.53577
-0.759002
2.524
-0.750158
1.79175
-1.84203
1.88857
-1.78651
1.96045
-1.63134
2.07922
-1.51663
2.18993
-1.4222
2.29022
-1.32994
2.39161
-1.23411
2.49931
-1.12848
2.59804
-1.00366
2.64512
-0.881061
2.63284
-0.871866
1.89121
-1.94446
1.98758
-1.89139
2.19202
-1.6801
2.35991
-1.60251
2.47275
-1.53089
2.57324
-1.43982
2.68143
-1.34072
2.79687
-1.23239
2.89746
-1.10418
2.9347
-0.981414
2.90944
-1.00425
1.99576
-2.0246
2.09206
-1.95128
1.82419
-1.88274
1.79061
-1.65881
1.88413
-1.48566
1.99013
-1.37279
2.07985
-1.28002
2.16711
-1.18324
2.26057
-1.06963
2.33711
-0.94328
2.36137
-0.851473
